{
 "cells": [
  {
   "cell_type": "markdown",
   "metadata": {},
   "source": [
    "# Übung 12: Kompression - DCT"
   ]
  },
  {
   "cell_type": "markdown",
   "metadata": {},
   "source": [
    "### Übung von adrian.willi@stud.hslu.ch"
   ]
  },
  {
   "cell_type": "code",
   "execution_count": 1,
   "metadata": {},
   "outputs": [],
   "source": [
    "import numpy as np\n",
    "from numpy import linalg as LA"
   ]
  },
  {
   "cell_type": "markdown",
   "metadata": {},
   "source": [
    "##  Aufgabe 1: K-Means\n",
    "\n",
    "Clustering ist eine Methode um mittles Unsupervised Learning zusammen gehörende Daten zu finden und kann für verschiedene Daten angewendet werden.\n",
    "\n",
    "In dieser Übung möchten wir versuchen, damit ähnlichfarbige Objekte/Regionen in Bildern zu erkennen."
   ]
  },
  {
   "cell_type": "code",
   "execution_count": null,
   "metadata": {},
   "outputs": [],
   "source": []
  },
  {
   "cell_type": "markdown",
   "metadata": {},
   "source": [
    "##  Aufgabe 2: C^-1 = C^T\n",
    "\n",
    "Definieren Sie für beliebiges N aus den natürlichen Zahlen die Matrix C und zeigen Sie, dass die Inverse von C gleich der Transponierten ist, d.h.\n",
    "C^-1 = C^T\n",
    "Dazu müssen Sie zeigen, dass gilt:\n",
    "CC^T = C^T * C = 1\n",
    "\n",
    "Kontrollieren Sie für N = 2; 4; 8 und N = 16!"
   ]
  },
  {
   "cell_type": "code",
   "execution_count": 6,
   "metadata": {
    "scrolled": false
   },
   "outputs": [
    {
     "name": "stdout",
     "output_type": "stream",
     "text": [
      "N:  2\n",
      "[[ 0.70710678  0.70710678]\n",
      " [ 0.70710678 -0.70710678]]\n",
      "Inverse - Transponierte:  2.220446049250313e-16 \n",
      "\n",
      "N:  4\n",
      "[[ 0.5         0.5         0.5         0.5       ]\n",
      " [ 0.65328148  0.27059805 -0.27059805 -0.65328148]\n",
      " [ 0.5        -0.5        -0.5         0.5       ]\n",
      " [ 0.27059805 -0.65328148  0.65328148 -0.27059805]]\n",
      "Inverse - Transponierte:  2.220446049250313e-16 \n",
      "\n",
      "N:  8\n",
      "[[ 0.35355339  0.35355339  0.35355339  0.35355339  0.35355339  0.35355339\n",
      "   0.35355339  0.35355339]\n",
      " [ 0.49039264  0.41573481  0.27778512  0.09754516 -0.09754516 -0.27778512\n",
      "  -0.41573481 -0.49039264]\n",
      " [ 0.46193977  0.19134172 -0.19134172 -0.46193977 -0.46193977 -0.19134172\n",
      "   0.19134172  0.46193977]\n",
      " [ 0.41573481 -0.09754516 -0.49039264 -0.27778512  0.27778512  0.49039264\n",
      "   0.09754516 -0.41573481]\n",
      " [ 0.35355339 -0.35355339 -0.35355339  0.35355339  0.35355339 -0.35355339\n",
      "  -0.35355339  0.35355339]\n",
      " [ 0.27778512 -0.49039264  0.09754516  0.41573481 -0.41573481 -0.09754516\n",
      "   0.49039264 -0.27778512]\n",
      " [ 0.19134172 -0.46193977  0.46193977 -0.19134172 -0.19134172  0.46193977\n",
      "  -0.46193977  0.19134172]\n",
      " [ 0.09754516 -0.27778512  0.41573481 -0.49039264  0.49039264 -0.41573481\n",
      "   0.27778512 -0.09754516]]\n",
      "Inverse - Transponierte:  4.996003610813204e-16 \n",
      "\n",
      "N:  16\n",
      "[[ 0.25        0.25        0.25        0.25        0.25        0.25\n",
      "   0.25        0.25        0.25        0.25        0.25        0.25\n",
      "   0.25        0.25        0.25        0.25      ]\n",
      " [ 0.35185093  0.3383295   0.31180625  0.27330047  0.2242919   0.16666391\n",
      "   0.10263113  0.03465429 -0.03465429 -0.10263113 -0.16666391 -0.2242919\n",
      "  -0.27330047 -0.31180625 -0.3383295  -0.35185093]\n",
      " [ 0.34675996  0.2939689   0.19642374  0.06897484 -0.06897484 -0.19642374\n",
      "  -0.2939689  -0.34675996 -0.34675996 -0.2939689  -0.19642374 -0.06897484\n",
      "   0.06897484  0.19642374  0.2939689   0.34675996]\n",
      " [ 0.3383295   0.2242919   0.03465429 -0.16666391 -0.31180625 -0.35185093\n",
      "  -0.27330047 -0.10263113  0.10263113  0.27330047  0.35185093  0.31180625\n",
      "   0.16666391 -0.03465429 -0.2242919  -0.3383295 ]\n",
      " [ 0.32664074  0.13529903 -0.13529903 -0.32664074 -0.32664074 -0.13529903\n",
      "   0.13529903  0.32664074  0.32664074  0.13529903 -0.13529903 -0.32664074\n",
      "  -0.32664074 -0.13529903  0.13529903  0.32664074]\n",
      " [ 0.31180625  0.03465429 -0.27330047 -0.3383295  -0.10263113  0.2242919\n",
      "   0.35185093  0.16666391 -0.16666391 -0.35185093 -0.2242919   0.10263113\n",
      "   0.3383295   0.27330047 -0.03465429 -0.31180625]\n",
      " [ 0.2939689  -0.06897484 -0.34675996 -0.19642374  0.19642374  0.34675996\n",
      "   0.06897484 -0.2939689  -0.2939689   0.06897484  0.34675996  0.19642374\n",
      "  -0.19642374 -0.34675996 -0.06897484  0.2939689 ]\n",
      " [ 0.27330047 -0.16666391 -0.3383295   0.03465429  0.35185093  0.10263113\n",
      "  -0.31180625 -0.2242919   0.2242919   0.31180625 -0.10263113 -0.35185093\n",
      "  -0.03465429  0.3383295   0.16666391 -0.27330047]\n",
      " [ 0.25       -0.25       -0.25        0.25        0.25       -0.25\n",
      "  -0.25        0.25        0.25       -0.25       -0.25        0.25\n",
      "   0.25       -0.25       -0.25        0.25      ]\n",
      " [ 0.2242919  -0.31180625 -0.10263113  0.35185093 -0.03465429 -0.3383295\n",
      "   0.16666391  0.27330047 -0.27330047 -0.16666391  0.3383295   0.03465429\n",
      "  -0.35185093  0.10263113  0.31180625 -0.2242919 ]\n",
      " [ 0.19642374 -0.34675996  0.06897484  0.2939689  -0.2939689  -0.06897484\n",
      "   0.34675996 -0.19642374 -0.19642374  0.34675996 -0.06897484 -0.2939689\n",
      "   0.2939689   0.06897484 -0.34675996  0.19642374]\n",
      " [ 0.16666391 -0.35185093  0.2242919   0.10263113 -0.3383295   0.27330047\n",
      "   0.03465429 -0.31180625  0.31180625 -0.03465429 -0.27330047  0.3383295\n",
      "  -0.10263113 -0.2242919   0.35185093 -0.16666391]\n",
      " [ 0.13529903 -0.32664074  0.32664074 -0.13529903 -0.13529903  0.32664074\n",
      "  -0.32664074  0.13529903  0.13529903 -0.32664074  0.32664074 -0.13529903\n",
      "  -0.13529903  0.32664074 -0.32664074  0.13529903]\n",
      " [ 0.10263113 -0.27330047  0.35185093 -0.31180625  0.16666391  0.03465429\n",
      "  -0.2242919   0.3383295  -0.3383295   0.2242919  -0.03465429 -0.16666391\n",
      "   0.31180625 -0.35185093  0.27330047 -0.10263113]\n",
      " [ 0.06897484 -0.19642374  0.2939689  -0.34675996  0.34675996 -0.2939689\n",
      "   0.19642374 -0.06897484 -0.06897484  0.19642374 -0.2939689   0.34675996\n",
      "  -0.34675996  0.2939689  -0.19642374  0.06897484]\n",
      " [ 0.03465429 -0.10263113  0.16666391 -0.2242919   0.27330047 -0.31180625\n",
      "   0.3383295  -0.35185093  0.35185093 -0.3383295   0.31180625 -0.27330047\n",
      "   0.2242919  -0.16666391  0.10263113 -0.03465429]]\n",
      "Inverse - Transponierte:  1.6375789613221059e-15 \n",
      "\n"
     ]
    }
   ],
   "source": [
    "def proof_characteristic(N):\n",
    "    C = np.zeros(shape=(N,N))\n",
    "    \n",
    "    for i in range(N):\n",
    "        for j in range(N):\n",
    "            if i == 0:\n",
    "                c_n = np.sqrt(1/N)\n",
    "            else:\n",
    "                c_n = np.sqrt(2/N)\n",
    "            C[i][j] = c_n * np.cos((2*j+1)*i*np.pi/(2*N))\n",
    "    print('N: ', N)\n",
    "    print(C)\n",
    "    result = np.max(abs(LA.inv(C)-C.T))\n",
    "    print('Inverse - Transponierte: ', result, '\\n')\n",
    "\n",
    "proof_characteristic(2)\n",
    "proof_characteristic(4)\n",
    "proof_characteristic(8)\n",
    "proof_characteristic(16)"
   ]
  }
 ],
 "metadata": {
  "kernelspec": {
   "display_name": "Python 3",
   "language": "python",
   "name": "python3"
  },
  "language_info": {
   "codemirror_mode": {
    "name": "ipython",
    "version": 3
   },
   "file_extension": ".py",
   "mimetype": "text/x-python",
   "name": "python",
   "nbconvert_exporter": "python",
   "pygments_lexer": "ipython3",
   "version": "3.7.2"
  }
 },
 "nbformat": 4,
 "nbformat_minor": 4
}
